usemtl RamLight
v -1.5 1.4 -1.5
v -1.35 1.4 -1.5
v -1.2 1.4 -1.5
v -1.05 1.4 -1.5
v -0.8999999999999999 1.4 -1.5
v -0.75 1.4 -1.5
v -0.6000000000000001 1.4 -1.5
v -0.4500000000000002 1.4 -1.5
v -0.2999999999999998 1.4 -1.5
v -0.1499999999999999 1.4 -1.5
v 0 1.4 -1.5
v 0.15000000000000013 1.4 -1.5
v 0.2999999999999998 1.4 -1.5
v 0.4500000000000002 1.4 -1.5
v 0.5999999999999996 1.4 -1.5
v 0.75 1.4 -1.5
v 0.9000000000000004 1.4 -1.5
v 1.0499999999999998 1.4 -1.5
v 1.2000000000000002 1.4 -1.5
v 1.3499999999999996 1.4 -1.5
v 1.5 1.4 -1.5
v -1.5 1.4 -1.35
v -1.35 1.4 -1.35
v -1.2 1.4 -1.35
v -1.05 1.4 -1.35
v -0.8999999999999999 1.4 -1.35
v -0.75 1.4 -1.35
v -0.6000000000000001 1.4 -1.35
v -0.4500000000000002 1.4 -1.35
v -0.2999999999999998 1.4 -1.35
v -0.1499999999999999 1.4 -1.35
v 0 1.4 -1.35
v 0.15000000000000013 1.4 -1.35
v 0.2999999999999998 1.4 -1.35
v 0.4500000000000002 1.4 -1.35
v 0.5999999999999996 1.4 -1.35
v 0.75 1.4 -1.35
v 0.9000000000000004 1.4 -1.35
v 1.0499999999999998 1.4 -1.35
v 1.2000000000000002 1.4 -1.35
v 1.3499999999999996 1.4 -1.35
v 1.5 1.4 -1.35
v -1.5 1.4 -1.2
v -1.35 1.4 -1.2
v -1.2 1.4 -1.2
v -1.05 1.4 -1.2
v -0.8999999999999999 1.4 -1.2
v -0.75 1.4 -1.2
v -0.6000000000000001 1.4 -1.2
v -0.4500000000000002 1.4 -1.2
v -0.2999999999999998 1.4 -1.2
v -0.1499999999999999 1.4 -1.2
v 0 1.4 -1.2
v 0.15000000000000013 1.4 -1.2
v 0.2999999999999998 1.4 -1.2
v 0.4500000000000002 1.4 -1.2
v 0.5999999999999996 1.4 -1.2
v 0.75 1.4 -1.2
v 0.9000000000000004 1.4 -1.2
v 1.0499999999999998 1.4 -1.2
v 1.2000000000000002 1.4 -1.2
v 1.3499999999999996 1.4 -1.2
v 1.5 1.4 -1.2
v -1.5 1.4 -1.05
v -1.35 1.4 -1.05
v -1.2 1.4 -1.05
v -1.05 1.4 -1.05
v -0.8999999999999999 1.4 -1.05
v -0.75 1.4 -1.05
v -0.6000000000000001 1.4 -1.05
v -0.4500000000000002 1.4 -1.05
v -0.2999999999999998 1.4 -1.05
v -0.1499999999999999 1.4 -1.05
v 0 1.4 -1.05
v 0.15000000000000013 1.4 -1.05
v 0.2999999999999998 1.4 -1.05
v 0.4500000000000002 1.4 -1.05
v 0.5999999999999996 1.4 -1.05
v 0.75 1.4 -1.05
v 0.9000000000000004 1.4 -1.05
v 1.0499999999999998 1.4 -1.05
v 1.2000000000000002 1.4 -1.05
v 1.3499999999999996 1.4 -1.05
v 1.5 1.4 -1.05
v -1.5 1.4 -0.8999999999999999
v -1.35 1.4 -0.8999999999999999
v -1.2 1.4 -0.8999999999999999
v -1.05 1.4 -0.8999999999999999
v -0.8999999999999999 1.4 -0.8999999999999999
v -0.75 1.4 -0.8999999999999999
v -0.6000000000000001 1.4 -0.8999999999999999
v -0.4500000000000002 1.4 -0.8999999999999999
v -0.2999999999999998 1.4 -0.8999999999999999
v -0.1499999999999999 1.4 -0.8999999999999999
v 0 1.4 -0.8999999999999999
v 0.15000000000000013 1.4 -0.8999999999999999
v 0.2999999999999998 1.4 -0.8999999999999999
v 0.4500000000000002 1.4 -0.8999999999999999
v 0.5999999999999996 1.4 -0.8999999999999999
v 0.75 1.4 -0.8999999999999999
v 0.9000000000000004 1.4 -0.8999999999999999
v 1.0499999999999998 1.4 -0.8999999999999999
v 1.2000000000000002 1.4 -0.8999999999999999
v 1.3499999999999996 1.4 -0.8999999999999999
v 1.5 1.4 -0.8999999999999999
v -1.5 1.4 -0.75
v -1.35 1.4 -0.75
v -1.2 1.4 -0.75
v -1.05 1.4 -0.75
v -0.8999999999999999 1.4 -0.75
v -0.75 1.4 -0.75
v -0.6000000000000001 1.4 -0.75
v -0.4500000000000002 1.4 -0.75
v -0.2999999999999998 1.4 -0.75
v -0.1499999999999999 1.4 -0.75
v 0 1.4 -0.75
v 0.15000000000000013 1.4 -0.75
v 0.2999999999999998 1.4 -0.75
v 0.4500000000000002 1.4 -0.75
v 0.5999999999999996 1.4 -0.75
v 0.75 1.4 -0.75
v 0.9000000000000004 1.4 -0.75
v 1.0499999999999998 1.4 -0.75
v 1.2000000000000002 1.4 -0.75
v 1.3499999999999996 1.4 -0.75
v 1.5 1.4 -0.75
v -1.5 1.4 -0.6000000000000001
v -1.35 1.4 -0.6000000000000001
v -1.2 1.4 -0.6000000000000001
v -1.05 1.4 -0.6000000000000001
v -0.8999999999999999 1.4 -0.6000000000000001
v -0.75 1.4 -0.6000000000000001
v -0.6000000000000001 1.4 -0.6000000000000001
v -0.4500000000000002 1.4 -0.6000000000000001
v -0.2999999999999998 1.4 -0.6000000000000001
v -0.1499999999999999 1.4 -0.6000000000000001
v 0 1.4 -0.6000000000000001
v 0.15000000000000013 1.4 -0.6000000000000001
v 0.2999999999999998 1.4 -0.6000000000000001
v 0.4500000000000002 1.4 -0.6000000000000001
v 0.5999999999999996 1.4 -0.6000000000000001
v 0.75 1.4 -0.6000000000000001
v 0.9000000000000004 1.4 -0.6000000000000001
v 1.0499999999999998 1.4 -0.6000000000000001
v 1.2000000000000002 1.4 -0.6000000000000001
v 1.3499999999999996 1.4 -0.6000000000000001
v 1.5 1.4 -0.6000000000000001
v -1.5 1.4 -0.4500000000000002
v -1.35 1.4 -0.4500000000000002
v -1.2 1.4 -0.4500000000000002
v -1.05 1.4 -0.4500000000000002
v -0.8999999999999999 1.4 -0.4500000000000002
v -0.75 1.4 -0.4500000000000002
v -0.6000000000000001 1.4 -0.4500000000000002
v -0.4500000000000002 1.4 -0.4500000000000002
v -0.2999999999999998 1.4 -0.4500000000000002
v -0.1499999999999999 1.4 -0.4500000000000002
v 0 1.4 -0.4500000000000002
v 0.15000000000000013 1.4 -0.4500000000000002
v 0.2999999999999998 1.4 -0.4500000000000002
v 0.4500000000000002 1.4 -0.4500000000000002
v 0.5999999999999996 1.4 -0.4500000000000002
v 0.75 1.4 -0.4500000000000002
v 0.9000000000000004 1.4 -0.4500000000000002
v 1.0499999999999998 1.4 -0.4500000000000002
v 1.2000000000000002 1.4 -0.4500000000000002
v 1.3499999999999996 1.4 -0.4500000000000002
v 1.5 1.4 -0.4500000000000002
v -1.5 1.4 -0.2999999999999998
v -1.35 1.4 -0.2999999999999998
v -1.2 1.4 -0.2999999999999998
v -1.05 1.4 -0.2999999999999998
v -0.8999999999999999 1.4 -0.2999999999999998
v -0.75 1.4 -0.2999999999999998
v -0.6000000000000001 1.4 -0.2999999999999998
v -0.4500000000000002 1.4 -0.2999999999999998
v -0.2999999999999998 1.4 -0.2999999999999998
v -0.1499999999999999 1.4 -0.2999999999999998
v 0 1.4 -0.2999999999999998
v 0.15000000000000013 1.4 -0.2999999999999998
v 0.2999999999999998 1.4 -0.2999999999999998
v 0.4500000000000002 1.4 -0.2999999999999998
v 0.5999999999999996 1.4 -0.2999999999999998
v 0.75 1.4 -0.2999999999999998
v 0.9000000000000004 1.4 -0.2999999999999998
v 1.0499999999999998 1.4 -0.2999999999999998
v 1.2000000000000002 1.4 -0.2999999999999998
v 1.3499999999999996 1.4 -0.2999999999999998
v 1.5 1.4 -0.2999999999999998
v -1.5 1.4 -0.1499999999999999
v -1.35 1.4 -0.1499999999999999
v -1.2 1.4 -0.1499999999999999
v -1.05 1.4 -0.1499999999999999
v -0.8999999999999999 1.4 -0.1499999999999999
v -0.75 1.4 -0.1499999999999999
v -0.6000000000000001 1.4 -0.1499999999999999
v -0.4500000000000002 1.4 -0.1499999999999999
v -0.2999999999999998 1.4 -0.1499999999999999
v -0.1499999999999999 1.4 -0.1499999999999999
v 0 1.4 -0.1499999999999999
v 0.15000000000000013 1.4 -0.1499999999999999
v 0.2999999999999998 1.4 -0.1499999999999999
v 0.4500000000000002 1.4 -0.1499999999999999
v 0.5999999999999996 1.4 -0.1499999999999999
v 0.75 1.4 -0.1499999999999999
v 0.9000000000000004 1.4 -0.1499999999999999
v 1.0499999999999998 1.4 -0.1499999999999999
v 1.2000000000000002 1.4 -0.1499999999999999
v 1.3499999999999996 1.4 -0.1499999999999999
v 1.5 1.4 -0.1499999999999999
v -1.5 1.4 0
v -1.35 1.4 0
v -1.2 1.4 0
v -1.05 1.4 0
v -0.8999999999999999 1.4 0
v -0.75 1.4 0
v -0.6000000000000001 1.4 0
v -0.4500000000000002 1.4 0
v -0.2999999999999998 1.4 0
v -0.1499999999999999 1.4 0
v 0 1.4 0
v 0.15000000000000013 1.4 0
v 0.2999999999999998 1.4 0
v 0.4500000000000002 1.4 0
v 0.5999999999999996 1.4 0
v 0.75 1.4 0
v 0.9000000000000004 1.4 0
v 1.0499999999999998 1.4 0
v 1.2000000000000002 1.4 0
v 1.3499999999999996 1.4 0
v 1.5 1.4 0
v -1.5 1.4 0.15000000000000013
v -1.35 1.4 0.15000000000000013
v -1.2 1.4 0.15000000000000013
v -1.05 1.4 0.15000000000000013
v -0.8999999999999999 1.4 0.15000000000000013
v -0.75 1.4 0.15000000000000013
v -0.6000000000000001 1.4 0.15000000000000013
v -0.4500000000000002 1.4 0.15000000000000013
v -0.2999999999999998 1.4 0.15000000000000013
v -0.1499999999999999 1.4 0.15000000000000013
v 0 1.4 0.15000000000000013
v 0.15000000000000013 1.4 0.15000000000000013
v 0.2999999999999998 1.4 0.15000000000000013
v 0.4500000000000002 1.4 0.15000000000000013
v 0.5999999999999996 1.4 0.15000000000000013
v 0.75 1.4 0.15000000000000013
v 0.9000000000000004 1.4 0.15000000000000013
v 1.0499999999999998 1.4 0.15000000000000013
v 1.2000000000000002 1.4 0.15000000000000013
v 1.3499999999999996 1.4 0.15000000000000013
v 1.5 1.4 0.15000000000000013
v -1.5 1.4 0.2999999999999998
v -1.35 1.4 0.2999999999999998
v -1.2 1.4 0.2999999999999998
v -1.05 1.4 0.2999999999999998
v -0.8999999999999999 1.4 0.2999999999999998
v -0.75 1.4 0.2999999999999998
v -0.6000000000000001 1.4 0.2999999999999998
v -0.4500000000000002 1.4 0.2999999999999998
v -0.2999999999999998 1.4 0.2999999999999998
v -0.1499999999999999 1.4 0.2999999999999998
v 0 1.4 0.2999999999999998
v 0.15000000000000013 1.4 0.2999999999999998
v 0.2999999999999998 1.4 0.2999999999999998
v 0.4500000000000002 1.4 0.2999999999999998
v 0.5999999999999996 1.4 0.2999999999999998
v 0.75 1.4 0.2999999999999998
v 0.9000000000000004 1.4 0.2999999999999998
v 1.0499999999999998 1.4 0.2999999999999998
v 1.2000000000000002 1.4 0.2999999999999998
v 1.3499999999999996 1.4 0.2999999999999998
v 1.5 1.4 0.2999999999999998
v -1.5 1.4 0.4500000000000002
v -1.35 1.4 0.4500000000000002
v -1.2 1.4 0.4500000000000002
v -1.05 1.4 0.4500000000000002
v -0.8999999999999999 1.4 0.4500000000000002
v -0.75 1.4 0.4500000000000002
v -0.6000000000000001 1.4 0.4500000000000002
v -0.4500000000000002 1.4 0.4500000000000002
v -0.2999999999999998 1.4 0.4500000000000002
v -0.1499999999999999 1.4 0.4500000000000002
v 0 1.4 0.4500000000000002
v 0.15000000000000013 1.4 0.4500000000000002
v 0.2999999999999998 1.4 0.4500000000000002
v 0.4500000000000002 1.4 0.4500000000000002
v 0.5999999999999996 1.4 0.4500000000000002
v 0.75 1.4 0.4500000000000002
v 0.9000000000000004 1.4 0.4500000000000002
v 1.0499999999999998 1.4 0.4500000000000002
v 1.2000000000000002 1.4 0.4500000000000002
v 1.3499999999999996 1.4 0.4500000000000002
v 1.5 1.4 0.4500000000000002
v -1.5 1.4 0.5999999999999996
v -1.35 1.4 0.5999999999999996
v -1.2 1.4 0.5999999999999996
v -1.05 1.4 0.5999999999999996
v -0.8999999999999999 1.4 0.5999999999999996
v -0.75 1.4 0.5999999999999996
v -0.6000000000000001 1.4 0.5999999999999996
v -0.4500000000000002 1.4 0.5999999999999996
v -0.2999999999999998 1.4 0.5999999999999996
v -0.1499999999999999 1.4 0.5999999999999996
v 0 1.4 0.5999999999999996
v 0.15000000000000013 1.4 0.5999999999999996
v 0.2999999999999998 1.4 0.5999999999999996
v 0.4500000000000002 1.4 0.5999999999999996
v 0.5999999999999996 1.4 0.5999999999999996
v 0.75 1.4 0.5999999999999996
v 0.9000000000000004 1.4 0.5999999999999996
v 1.0499999999999998 1.4 0.5999999999999996
v 1.2000000000000002 1.4 0.5999999999999996
v 1.3499999999999996 1.4 0.5999999999999996
v 1.5 1.4 0.5999999999999996
v -1.5 1.4 0.75
v -1.35 1.4 0.75
v -1.2 1.4 0.75
v -1.05 1.4 0.75
v -0.8999999999999999 1.4 0.75
v -0.75 1.4 0.75
v -0.6000000000000001 1.4 0.75
v -0.4500000000000002 1.4 0.75
v -0.2999999999999998 1.4 0.75
v -0.1499999999999999 1.4 0.75
v 0 1.4 0.75
v 0.15000000000000013 1.4 0.75
v 0.2999999999999998 1.4 0.75
v 0.4500000000000002 1.4 0.75
v 0.5999999999999996 1.4 0.75
v 0.75 1.4 0.75
v 0.9000000000000004 1.4 0.75
v 1.0499999999999998 1.4 0.75
v 1.2000000000000002 1.4 0.75
v 1.3499999999999996 1.4 0.75
v 1.5 1.4 0.75
v -1.5 1.4 0.9000000000000004
v -1.35 1.4 0.9000000000000004
v -1.2 1.4 0.9000000000000004
v -1.05 1.4 0.9000000000000004
v -0.8999999999999999 1.4 0.9000000000000004
v -0.75 1.4 0.9000000000000004
v -0.6000000000000001 1.4 0.9000000000000004
v -0.4500000000000002 1.4 0.9000000000000004
v -0.2999999999999998 1.4 0.9000000000000004
v -0.1499999999999999 1.4 0.9000000000000004
v 0 1.4 0.9000000000000004
v 0.15000000000000013 1.4 0.9000000000000004
v 0.2999999999999998 1.4 0.9000000000000004
v 0.4500000000000002 1.4 0.9000000000000004
v 0.5999999999999996 1.4 0.9000000000000004
v 0.75 1.4 0.9000000000000004
v 0.9000000000000004 1.4 0.9000000000000004
v 1.0499999999999998 1.4 0.9000000000000004
v 1.2000000000000002 1.4 0.9000000000000004
v 1.3499999999999996 1.4 0.9000000000000004
v 1.5 1.4 0.9000000000000004
v -1.5 1.4 1.0499999999999998
v -1.35 1.4 1.0499999999999998
v -1.2 1.4 1.0499999999999998
v -1.05 1.4 1.0499999999999998
v -0.8999999999999999 1.4 1.0499999999999998
v -0.75 1.4 1.0499999999999998
v -0.6000000000000001 1.4 1.0499999999999998
v -0.4500000000000002 1.4 1.0499999999999998
v -0.2999999999999998 1.4 1.0499999999999998
v -0.1499999999999999 1.4 1.0499999999999998
v 0 1.4 1.0499999999999998
v 0.15000000000000013 1.4 1.0499999999999998
v 0.2999999999999998 1.4 1.0499999999999998
v 0.4500000000000002 1.4 1.0499999999999998
v 0.5999999999999996 1.4 1.0499999999999998
v 0.75 1.4 1.0499999999999998
v 0.9000000000000004 1.4 1.0499999999999998
v 1.0499999999999998 1.4 1.0499999999999998
v 1.2000000000000002 1.4 1.0499999999999998
v 1.3499999999999996 1.4 1.0499999999999998
v 1.5 1.4 1.0499999999999998
v -1.5 1.4 1.2000000000000002
v -1.35 1.4 1.2000000000000002
v -1.2 1.4 1.2000000000000002
v -1.05 1.4 1.2000000000000002
v -0.8999999999999999 1.4 1.2000000000000002
v -0.75 1.4 1.2000000000000002
v -0.6000000000000001 1.4 1.2000000000000002
v -0.4500000000000002 1.4 1.2000000000000002
v -0.2999999999999998 1.4 1.2000000000000002
v -0.1499999999999999 1.4 1.2000000000000002
v 0 1.4 1.2000000000000002
v 0.15000000000000013 1.4 1.2000000000000002
v 0.2999999999999998 1.4 1.2000000000000002
v 0.4500000000000002 1.4 1.2000000000000002
v 0.5999999999999996 1.4 1.2000000000000002
v 0.75 1.4 1.2000000000000002
v 0.9000000000000004 1.4 1.2000000000000002
v 1.0499999999999998 1.4 1.2000000000000002
v 1.2000000000000002 1.4 1.2000000000000002
v 1.3499999999999996 1.4 1.2000000000000002
v 1.5 1.4 1.2000000000000002
v -1.5 1.4 1.3499999999999996
v -1.35 1.4 1.3499999999999996
v -1.2 1.4 1.3499999999999996
v -1.05 1.4 1.3499999999999996
v -0.8999999999999999 1.4 1.3499999999999996
v -0.75 1.4 1.3499999999999996
v -0.6000000000000001 1.4 1.3499999999999996
v -0.4500000000000002 1.4 1.3499999999999996
v -0.2999999999999998 1.4 1.3499999999999996
v -0.1499999999999999 1.4 1.3499999999999996
v 0 1.4 1.3499999999999996
v 0.15000000000000013 1.4 1.3499999999999996
v 0.2999999999999998 1.4 1.3499999999999996
v 0.4500000000000002 1.4 1.3499999999999996
v 0.5999999999999996 1.4 1.3499999999999996
v 0.75 1.4 1.3499999999999996
v 0.9000000000000004 1.4 1.3499999999999996
v 1.0499999999999998 1.4 1.3499999999999996
v 1.2000000000000002 1.4 1.3499999999999996
v 1.3499999999999996 1.4 1.3499999999999996
v 1.5 1.4 1.3499999999999996
v -1.5 1.4 1.5
v -1.35 1.4 1.5
v -1.2 1.4 1.5
v -1.05 1.4 1.5
v -0.8999999999999999 1.4 1.5
v -0.75 1.4 1.5
v -0.6000000000000001 1.4 1.5
v -0.4500000000000002 1.4 1.5
v -0.2999999999999998 1.4 1.5
v -0.1499999999999999 1.4 1.5
v 0 1.4 1.5
v 0.15000000000000013 1.4 1.5
v 0.2999999999999998 1.4 1.5
v 0.4500000000000002 1.4 1.5
v 0.5999999999999996 1.4 1.5
v 0.75 1.4 1.5
v 0.9000000000000004 1.4 1.5
v 1.0499999999999998 1.4 1.5
v 1.2000000000000002 1.4 1.5
v 1.3499999999999996 1.4 1.5
v 1.5 1.4 1.5
f 1824 1825 1846
f 1824 1846 1845
f 1825 1826 1847
f 1825 1847 1846
f 1826 1827 1848
f 1826 1848 1847
f 1827 1828 1849
f 1827 1849 1848
f 1828 1829 1850
f 1828 1850 1849
f 1829 1830 1851
f 1829 1851 1850
f 1830 1831 1852
f 1830 1852 1851
f 1831 1832 1853
f 1831 1853 1852
f 1832 1833 1854
f 1832 1854 1853
f 1833 1834 1855
f 1833 1855 1854
f 1834 1835 1856
f 1834 1856 1855
f 1835 1836 1857
f 1835 1857 1856
f 1836 1837 1858
f 1836 1858 1857
f 1837 1838 1859
f 1837 1859 1858
f 1838 1839 1860
f 1838 1860 1859
f 1839 1840 1861
f 1839 1861 1860
f 1840 1841 1862
f 1840 1862 1861
f 1841 1842 1863
f 1841 1863 1862
f 1842 1843 1864
f 1842 1864 1863
f 1843 1844 1865
f 1843 1865 1864
f 1845 1846 1867
f 1845 1867 1866
f 1846 1847 1868
f 1846 1868 1867
f 1847 1848 1869
f 1847 1869 1868
f 1848 1849 1870
f 1848 1870 1869
f 1849 1850 1871
f 1849 1871 1870
f 1850 1851 1872
f 1850 1872 1871
f 1851 1852 1873
f 1851 1873 1872
f 1852 1853 1874
f 1852 1874 1873
f 1853 1854 1875
f 1853 1875 1874
f 1854 1855 1876
f 1854 1876 1875
f 1855 1856 1877
f 1855 1877 1876
f 1856 1857 1878
f 1856 1878 1877
f 1857 1858 1879
f 1857 1879 1878
f 1858 1859 1880
f 1858 1880 1879
f 1859 1860 1881
f 1859 1881 1880
f 1860 1861 1882
f 1860 1882 1881
f 1861 1862 1883
f 1861 1883 1882
f 1862 1863 1884
f 1862 1884 1883
f 1863 1864 1885
f 1863 1885 1884
f 1864 1865 1886
f 1864 1886 1885
f 1866 1867 1888
f 1866 1888 1887
f 1867 1868 1889
f 1867 1889 1888
f 1868 1869 1890
f 1868 1890 1889
f 1869 1870 1891
f 1869 1891 1890
f 1870 1871 1892
f 1870 1892 1891
f 1871 1872 1893
f 1871 1893 1892
f 1872 1873 1894
f 1872 1894 1893
f 1873 1874 1895
f 1873 1895 1894
f 1874 1875 1896
f 1874 1896 1895
f 1875 1876 1897
f 1875 1897 1896
f 1876 1877 1898
f 1876 1898 1897
f 1877 1878 1899
f 1877 1899 1898
f 1878 1879 1900
f 1878 1900 1899
f 1879 1880 1901
f 1879 1901 1900
f 1880 1881 1902
f 1880 1902 1901
f 1881 1882 1903
f 1881 1903 1902
f 1882 1883 1904
f 1882 1904 1903
f 1883 1884 1905
f 1883 1905 1904
f 1884 1885 1906
f 1884 1906 1905
f 1885 1886 1907
f 1885 1907 1906
f 1887 1888 1909
f 1887 1909 1908
f 1888 1889 1910
f 1888 1910 1909
f 1889 1890 1911
f 1889 1911 1910
f 1890 1891 1912
f 1890 1912 1911
f 1891 1892 1913
f 1891 1913 1912
f 1892 1893 1914
f 1892 1914 1913
f 1893 1894 1915
f 1893 1915 1914
f 1894 1895 1916
f 1894 1916 1915
f 1895 1896 1917
f 1895 1917 1916
f 1896 1897 1918
f 1896 1918 1917
f 1897 1898 1919
f 1897 1919 1918
f 1898 1899 1920
f 1898 1920 1919
f 1899 1900 1921
f 1899 1921 1920
f 1900 1901 1922
f 1900 1922 1921
f 1901 1902 1923
f 1901 1923 1922
f 1902 1903 1924
f 1902 1924 1923
f 1903 1904 1925
f 1903 1925 1924
f 1904 1905 1926
f 1904 1926 1925
f 1905 1906 1927
f 1905 1927 1926
f 1906 1907 1928
f 1906 1928 1927
f 1908 1909 1930
f 1908 1930 1929
f 1909 1910 1931
f 1909 1931 1930
f 1910 1911 1932
f 1910 1932 1931
f 1911 1912 1933
f 1911 1933 1932
f 1912 1913 1934
f 1912 1934 1933
f 1913 1914 1935
f 1913 1935 1934
f 1914 1915 1936
f 1914 1936 1935
f 1915 1916 1937
f 1915 1937 1936
f 1916 1917 1938
f 1916 1938 1937
f 1917 1918 1939
f 1917 1939 1938
f 1918 1919 1940
f 1918 1940 1939
f 1919 1920 1941
f 1919 1941 1940
f 1920 1921 1942
f 1920 1942 1941
f 1921 1922 1943
f 1921 1943 1942
f 1922 1923 1944
f 1922 1944 1943
f 1923 1924 1945
f 1923 1945 1944
f 1924 1925 1946
f 1924 1946 1945
f 1925 1926 1947
f 1925 1947 1946
f 1926 1927 1948
f 1926 1948 1947
f 1927 1928 1949
f 1927 1949 1948
f 1929 1930 1951
f 1929 1951 1950
f 1930 1931 1952
f 1930 1952 1951
f 1931 1932 1953
f 1931 1953 1952
f 1932 1933 1954
f 1932 1954 1953
f 1933 1934 1955
f 1933 1955 1954
f 1934 1935 1956
f 1934 1956 1955
f 1935 1936 1957
f 1935 1957 1956
f 1936 1937 1958
f 1936 1958 1957
f 1937 1938 1959
f 1937 1959 1958
f 1938 1939 1960
f 1938 1960 1959
f 1939 1940 1961
f 1939 1961 1960
f 1940 1941 1962
f 1940 1962 1961
f 1941 1942 1963
f 1941 1963 1962
f 1942 1943 1964
f 1942 1964 1963
f 1943 1944 1965
f 1943 1965 1964
f 1944 1945 1966
f 1944 1966 1965
f 1945 1946 1967
f 1945 1967 1966
f 1946 1947 1968
f 1946 1968 1967
f 1947 1948 1969
f 1947 1969 1968
f 1948 1949 1970
f 1948 1970 1969
f 1950 1951 1972
f 1950 1972 1971
f 1951 1952 1973
f 1951 1973 1972
f 1952 1953 1974
f 1952 1974 1973
f 1953 1954 1975
f 1953 1975 1974
f 1954 1955 1976
f 1954 1976 1975
f 1955 1956 1977
f 1955 1977 1976
f 1956 1957 1978
f 1956 1978 1977
f 1957 1958 1979
f 1957 1979 1978
f 1958 1959 1980
f 1958 1980 1979
f 1959 1960 1981
f 1959 1981 1980
f 1960 1961 1982
f 1960 1982 1981
f 1961 1962 1983
f 1961 1983 1982
f 1962 1963 1984
f 1962 1984 1983
f 1963 1964 1985
f 1963 1985 1984
f 1964 1965 1986
f 1964 1986 1985
f 1965 1966 1987
f 1965 1987 1986
f 1966 1967 1988
f 1966 1988 1987
f 1967 1968 1989
f 1967 1989 1988
f 1968 1969 1990
f 1968 1990 1989
f 1969 1970 1991
f 1969 1991 1990
f 1971 1972 1993
f 1971 1993 1992
f 1972 1973 1994
f 1972 1994 1993
f 1973 1974 1995
f 1973 1995 1994
f 1974 1975 1996
f 1974 1996 1995
f 1975 1976 1997
f 1975 1997 1996
f 1976 1977 1998
f 1976 1998 1997
f 1977 1978 1999
f 1977 1999 1998
f 1978 1979 2000
f 1978 2000 1999
f 1979 1980 2001
f 1979 2001 2000
f 1980 1981 2002
f 1980 2002 2001
f 1981 1982 2003
f 1981 2003 2002
f 1982 1983 2004
f 1982 2004 2003
f 1983 1984 2005
f 1983 2005 2004
f 1984 1985 2006
f 1984 2006 2005
f 1985 1986 2007
f 1985 2007 2006
f 1986 1987 2008
f 1986 2008 2007
f 1987 1988 2009
f 1987 2009 2008
f 1988 1989 2010
f 1988 2010 2009
f 1989 1990 2011
f 1989 2011 2010
f 1990 1991 2012
f 1990 2012 2011
f 1992 1993 2014
f 1992 2014 2013
f 1993 1994 2015
f 1993 2015 2014
f 1994 1995 2016
f 1994 2016 2015
f 1995 1996 2017
f 1995 2017 2016
f 1996 1997 2018
f 1996 2018 2017
f 1997 1998 2019
f 1997 2019 2018
f 1998 1999 2020
f 1998 2020 2019
f 1999 2000 2021
f 1999 2021 2020
f 2000 2001 2022
f 2000 2022 2021
f 2001 2002 2023
f 2001 2023 2022
f 2002 2003 2024
f 2002 2024 2023
f 2003 2004 2025
f 2003 2025 2024
f 2004 2005 2026
f 2004 2026 2025
f 2005 2006 2027
f 2005 2027 2026
f 2006 2007 2028
f 2006 2028 2027
f 2007 2008 2029
f 2007 2029 2028
f 2008 2009 2030
f 2008 2030 2029
f 2009 2010 2031
f 2009 2031 2030
f 2010 2011 2032
f 2010 2032 2031
f 2011 2012 2033
f 2011 2033 2032
f 2013 2014 2035
f 2013 2035 2034
f 2014 2015 2036
f 2014 2036 2035
f 2015 2016 2037
f 2015 2037 2036
f 2016 2017 2038
f 2016 2038 2037
f 2017 2018 2039
f 2017 2039 2038
f 2018 2019 2040
f 2018 2040 2039
f 2019 2020 2041
f 2019 2041 2040
f 2020 2021 2042
f 2020 2042 2041
f 2021 2022 2043
f 2021 2043 2042
f 2022 2023 2044
f 2022 2044 2043
f 2023 2024 2045
f 2023 2045 2044
f 2024 2025 2046
f 2024 2046 2045
f 2025 2026 2047
f 2025 2047 2046
f 2026 2027 2048
f 2026 2048 2047
f 2027 2028 2049
f 2027 2049 2048
f 2028 2029 2050
f 2028 2050 2049
f 2029 2030 2051
f 2029 2051 2050
f 2030 2031 2052
f 2030 2052 2051
f 2031 2032 2053
f 2031 2053 2052
f 2032 2033 2054
f 2032 2054 2053
f 2034 2035 2056
f 2034 2056 2055
f 2035 2036 2057
f 2035 2057 2056
f 2036 2037 2058
f 2036 2058 2057
f 2037 2038 2059
f 2037 2059 2058
f 2038 2039 2060
f 2038 2060 2059
f 2039 2040 2061
f 2039 2061 2060
f 2040 2041 2062
f 2040 2062 2061
f 2041 2042 2063
f 2041 2063 2062
f 2042 2043 2064
f 2042 2064 2063
f 2043 2044 2065
f 2043 2065 2064
f 2044 2045 2066
f 2044 2066 2065
f 2045 2046 2067
f 2045 2067 2066
f 2046 2047 2068
f 2046 2068 2067
f 2047 2048 2069
f 2047 2069 2068
f 2048 2049 2070
f 2048 2070 2069
f 2049 2050 2071
f 2049 2071 2070
f 2050 2051 2072
f 2050 2072 2071
f 2051 2052 2073
f 2051 2073 2072
f 2052 2053 2074
f 2052 2074 2073
f 2053 2054 2075
f 2053 2075 2074
f 2055 2056 2077
f 2055 2077 2076
f 2056 2057 2078
f 2056 2078 2077
f 2057 2058 2079
f 2057 2079 2078
f 2058 2059 2080
f 2058 2080 2079
f 2059 2060 2081
f 2059 2081 2080
f 2060 2061 2082
f 2060 2082 2081
f 2061 2062 2083
f 2061 2083 2082
f 2062 2063 2084
f 2062 2084 2083
f 2063 2064 2085
f 2063 2085 2084
f 2064 2065 2086
f 2064 2086 2085
f 2065 2066 2087
f 2065 2087 2086
f 2066 2067 2088
f 2066 2088 2087
f 2067 2068 2089
f 2067 2089 2088
f 2068 2069 2090
f 2068 2090 2089
f 2069 2070 2091
f 2069 2091 2090
f 2070 2071 2092
f 2070 2092 2091
f 2071 2072 2093
f 2071 2093 2092
f 2072 2073 2094
f 2072 2094 2093
f 2073 2074 2095
f 2073 2095 2094
f 2074 2075 2096
f 2074 2096 2095
f 2076 2077 2098
f 2076 2098 2097
f 2077 2078 2099
f 2077 2099 2098
f 2078 2079 2100
f 2078 2100 2099
f 2079 2080 2101
f 2079 2101 2100
f 2080 2081 2102
f 2080 2102 2101
f 2081 2082 2103
f 2081 2103 2102
f 2082 2083 2104
f 2082 2104 2103
f 2083 2084 2105
f 2083 2105 2104
f 2084 2085 2106
f 2084 2106 2105
f 2085 2086 2107
f 2085 2107 2106
f 2086 2087 2108
f 2086 2108 2107
f 2087 2088 2109
f 2087 2109 2108
f 2088 2089 2110
f 2088 2110 2109
f 2089 2090 2111
f 2089 2111 2110
f 2090 2091 2112
f 2090 2112 2111
f 2091 2092 2113
f 2091 2113 2112
f 2092 2093 2114
f 2092 2114 2113
f 2093 2094 2115
f 2093 2115 2114
f 2094 2095 2116
f 2094 2116 2115
f 2095 2096 2117
f 2095 2117 2116
f 2097 2098 2119
f 2097 2119 2118
f 2098 2099 2120
f 2098 2120 2119
f 2099 2100 2121
f 2099 2121 2120
f 2100 2101 2122
f 2100 2122 2121
f 2101 2102 2123
f 2101 2123 2122
f 2102 2103 2124
f 2102 2124 2123
f 2103 2104 2125
f 2103 2125 2124
f 2104 2105 2126
f 2104 2126 2125
f 2105 2106 2127
f 2105 2127 2126
f 2106 2107 2128
f 2106 2128 2127
f 2107 2108 2129
f 2107 2129 2128
f 2108 2109 2130
f 2108 2130 2129
f 2109 2110 2131
f 2109 2131 2130
f 2110 2111 2132
f 2110 2132 2131
f 2111 2112 2133
f 2111 2133 2132
f 2112 2113 2134
f 2112 2134 2133
f 2113 2114 2135
f 2113 2135 2134
f 2114 2115 2136
f 2114 2136 2135
f 2115 2116 2137
f 2115 2137 2136
f 2116 2117 2138
f 2116 2138 2137
f 2118 2119 2140
f 2118 2140 2139
f 2119 2120 2141
f 2119 2141 2140
f 2120 2121 2142
f 2120 2142 2141
f 2121 2122 2143
f 2121 2143 2142
f 2122 2123 2144
f 2122 2144 2143
f 2123 2124 2145
f 2123 2145 2144
f 2124 2125 2146
f 2124 2146 2145
f 2125 2126 2147
f 2125 2147 2146
f 2126 2127 2148
f 2126 2148 2147
f 2127 2128 2149
f 2127 2149 2148
f 2128 2129 2150
f 2128 2150 2149
f 2129 2130 2151
f 2129 2151 2150
f 2130 2131 2152
f 2130 2152 2151
f 2131 2132 2153
f 2131 2153 2152
f 2132 2133 2154
f 2132 2154 2153
f 2133 2134 2155
f 2133 2155 2154
f 2134 2135 2156
f 2134 2156 2155
f 2135 2136 2157
f 2135 2157 2156
f 2136 2137 2158
f 2136 2158 2157
f 2137 2138 2159
f 2137 2159 2158
f 2139 2140 2161
f 2139 2161 2160
f 2140 2141 2162
f 2140 2162 2161
f 2141 2142 2163
f 2141 2163 2162
f 2142 2143 2164
f 2142 2164 2163
f 2143 2144 2165
f 2143 2165 2164
f 2144 2145 2166
f 2144 2166 2165
f 2145 2146 2167
f 2145 2167 2166
f 2146 2147 2168
f 2146 2168 2167
f 2147 2148 2169
f 2147 2169 2168
f 2148 2149 2170
f 2148 2170 2169
f 2149 2150 2171
f 2149 2171 2170
f 2150 2151 2172
f 2150 2172 2171
f 2151 2152 2173
f 2151 2173 2172
f 2152 2153 2174
f 2152 2174 2173
f 2153 2154 2175
f 2153 2175 2174
f 2154 2155 2176
f 2154 2176 2175
f 2155 2156 2177
f 2155 2177 2176
f 2156 2157 2178
f 2156 2178 2177
f 2157 2158 2179
f 2157 2179 2178
f 2158 2159 2180
f 2158 2180 2179
f 2160 2161 2182
f 2160 2182 2181
f 2161 2162 2183
f 2161 2183 2182
f 2162 2163 2184
f 2162 2184 2183
f 2163 2164 2185
f 2163 2185 2184
f 2164 2165 2186
f 2164 2186 2185
f 2165 2166 2187
f 2165 2187 2186
f 2166 2167 2188
f 2166 2188 2187
f 2167 2168 2189
f 2167 2189 2188
f 2168 2169 2190
f 2168 2190 2189
f 2169 2170 2191
f 2169 2191 2190
f 2170 2171 2192
f 2170 2192 2191
f 2171 2172 2193
f 2171 2193 2192
f 2172 2173 2194
f 2172 2194 2193
f 2173 2174 2195
f 2173 2195 2194
f 2174 2175 2196
f 2174 2196 2195
f 2175 2176 2197
f 2175 2197 2196
f 2176 2177 2198
f 2176 2198 2197
f 2177 2178 2199
f 2177 2199 2198
f 2178 2179 2200
f 2178 2200 2199
f 2179 2180 2201
f 2179 2201 2200
f 2181 2182 2203
f 2181 2203 2202
f 2182 2183 2204
f 2182 2204 2203
f 2183 2184 2205
f 2183 2205 2204
f 2184 2185 2206
f 2184 2206 2205
f 2185 2186 2207
f 2185 2207 2206
f 2186 2187 2208
f 2186 2208 2207
f 2187 2188 2209
f 2187 2209 2208
f 2188 2189 2210
f 2188 2210 2209
f 2189 2190 2211
f 2189 2211 2210
f 2190 2191 2212
f 2190 2212 2211
f 2191 2192 2213
f 2191 2213 2212
f 2192 2193 2214
f 2192 2214 2213
f 2193 2194 2215
f 2193 2215 2214
f 2194 2195 2216
f 2194 2216 2215
f 2195 2196 2217
f 2195 2217 2216
f 2196 2197 2218
f 2196 2218 2217
f 2197 2198 2219
f 2197 2219 2218
f 2198 2199 2220
f 2198 2220 2219
f 2199 2200 2221
f 2199 2221 2220
f 2200 2201 2222
f 2200 2222 2221
f 2202 2203 2224
f 2202 2224 2223
f 2203 2204 2225
f 2203 2225 2224
f 2204 2205 2226
f 2204 2226 2225
f 2205 2206 2227
f 2205 2227 2226
f 2206 2207 2228
f 2206 2228 2227
f 2207 2208 2229
f 2207 2229 2228
f 2208 2209 2230
f 2208 2230 2229
f 2209 2210 2231
f 2209 2231 2230
f 2210 2211 2232
f 2210 2232 2231
f 2211 2212 2233
f 2211 2233 2232
f 2212 2213 2234
f 2212 2234 2233
f 2213 2214 2235
f 2213 2235 2234
f 2214 2215 2236
f 2214 2236 2235
f 2215 2216 2237
f 2215 2237 2236
f 2216 2217 2238
f 2216 2238 2237
f 2217 2218 2239
f 2217 2239 2238
f 2218 2219 2240
f 2218 2240 2239
f 2219 2220 2241
f 2219 2241 2240
f 2220 2221 2242
f 2220 2242 2241
f 2221 2222 2243
f 2221 2243 2242
f 2223 2224 2245
f 2223 2245 2244
f 2224 2225 2246
f 2224 2246 2245
f 2225 2226 2247
f 2225 2247 2246
f 2226 2227 2248
f 2226 2248 2247
f 2227 2228 2249
f 2227 2249 2248
f 2228 2229 2250
f 2228 2250 2249
f 2229 2230 2251
f 2229 2251 2250
f 2230 2231 2252
f 2230 2252 2251
f 2231 2232 2253
f 2231 2253 2252
f 2232 2233 2254
f 2232 2254 2253
f 2233 2234 2255
f 2233 2255 2254
f 2234 2235 2256
f 2234 2256 2255
f 2235 2236 2257
f 2235 2257 2256
f 2236 2237 2258
f 2236 2258 2257
f 2237 2238 2259
f 2237 2259 2258
f 2238 2239 2260
f 2238 2260 2259
f 2239 2240 2261
f 2239 2261 2260
f 2240 2241 2262
f 2240 2262 2261
f 2241 2242 2263
f 2241 2263 2262
f 2242 2243 2264
f 2242 2264 2263
