
usemtl RamLight
v -1 1.5 -1
v -0.8 1.5 -1
v -0.6 1.5 -1
v -0.4 1.5 -1
v -0.19999999999999996 1.5 -1
v 0 1.5 -1
v 0.19999999999999996 1.5 -1
v 0.3999999999999999 1.5 -1
v 0.6000000000000001 1.5 -1
v 0.8 1.5 -1
v 1 1.5 -1
v -1 1.5 -0.8
v -0.8 1.5 -0.8
v -0.6 1.5 -0.8
v -0.4 1.5 -0.8
v -0.19999999999999996 1.5 -0.8
v 0 1.5 -0.8
v 0.19999999999999996 1.5 -0.8
v 0.3999999999999999 1.5 -0.8
v 0.6000000000000001 1.5 -0.8
v 0.8 1.5 -0.8
v 1 1.5 -0.8
v -1 1.5 -0.6
v -0.8 1.5 -0.6
v -0.6 1.5 -0.6
v -0.4 1.5 -0.6
v -0.19999999999999996 1.5 -0.6
v 0 1.5 -0.6
v 0.19999999999999996 1.5 -0.6
v 0.3999999999999999 1.5 -0.6
v 0.6000000000000001 1.5 -0.6
v 0.8 1.5 -0.6
v 1 1.5 -0.6
v -1 1.5 -0.4
v -0.8 1.5 -0.4
v -0.6 1.5 -0.4
v -0.4 1.5 -0.4
v -0.19999999999999996 1.5 -0.4
v 0 1.5 -0.4
v 0.19999999999999996 1.5 -0.4
v 0.3999999999999999 1.5 -0.4
v 0.6000000000000001 1.5 -0.4
v 0.8 1.5 -0.4
v 1 1.5 -0.4
v -1 1.5 -0.19999999999999996
v -0.8 1.5 -0.19999999999999996
v -0.6 1.5 -0.19999999999999996
v -0.4 1.5 -0.19999999999999996
v -0.19999999999999996 1.5 -0.19999999999999996
v 0 1.5 -0.19999999999999996
v 0.19999999999999996 1.5 -0.19999999999999996
v 0.3999999999999999 1.5 -0.19999999999999996
v 0.6000000000000001 1.5 -0.19999999999999996
v 0.8 1.5 -0.19999999999999996
v 1 1.5 -0.19999999999999996
v -1 1.5 0
v -0.8 1.5 0
v -0.6 1.5 0
v -0.4 1.5 0
v -0.19999999999999996 1.5 0
v 0 1.5 0
v 0.19999999999999996 1.5 0
v 0.3999999999999999 1.5 0
v 0.6000000000000001 1.5 0
v 0.8 1.5 0
v 1 1.5 0
v -1 1.5 0.19999999999999996
v -0.8 1.5 0.19999999999999996
v -0.6 1.5 0.19999999999999996
v -0.4 1.5 0.19999999999999996
v -0.19999999999999996 1.5 0.19999999999999996
v 0 1.5 0.19999999999999996
v 0.19999999999999996 1.5 0.19999999999999996
v 0.3999999999999999 1.5 0.19999999999999996
v 0.6000000000000001 1.5 0.19999999999999996
v 0.8 1.5 0.19999999999999996
v 1 1.5 0.19999999999999996
v -1 1.5 0.3999999999999999
v -0.8 1.5 0.3999999999999999
v -0.6 1.5 0.3999999999999999
v -0.4 1.5 0.3999999999999999
v -0.19999999999999996 1.5 0.3999999999999999
v 0 1.5 0.3999999999999999
v 0.19999999999999996 1.5 0.3999999999999999
v 0.3999999999999999 1.5 0.3999999999999999
v 0.6000000000000001 1.5 0.3999999999999999
v 0.8 1.5 0.3999999999999999
v 1 1.5 0.3999999999999999
v -1 1.5 0.6000000000000001
v -0.8 1.5 0.6000000000000001
v -0.6 1.5 0.6000000000000001
v -0.4 1.5 0.6000000000000001
v -0.19999999999999996 1.5 0.6000000000000001
v 0 1.5 0.6000000000000001
v 0.19999999999999996 1.5 0.6000000000000001
v 0.3999999999999999 1.5 0.6000000000000001
v 0.6000000000000001 1.5 0.6000000000000001
v 0.8 1.5 0.6000000000000001
v 1 1.5 0.6000000000000001
v -1 1.5 0.8
v -0.8 1.5 0.8
v -0.6 1.5 0.8
v -0.4 1.5 0.8
v -0.19999999999999996 1.5 0.8
v 0 1.5 0.8
v 0.19999999999999996 1.5 0.8
v 0.3999999999999999 1.5 0.8
v 0.6000000000000001 1.5 0.8
v 0.8 1.5 0.8
v 1 1.5 0.8
v -1 1.5 1
v -0.8 1.5 1
v -0.6 1.5 1
v -0.4 1.5 1
v -0.19999999999999996 1.5 1
v 0 1.5 1
v 0.19999999999999996 1.5 1
v 0.3999999999999999 1.5 1
v 0.6000000000000001 1.5 1
v 0.8 1.5 1
v 1 1.5 1
f 1824 1825 1836
f 1824 1836 1835
f 1825 1826 1837
f 1825 1837 1836
f 1826 1827 1838
f 1826 1838 1837
f 1827 1828 1839
f 1827 1839 1838
f 1828 1829 1840
f 1828 1840 1839
f 1829 1830 1841
f 1829 1841 1840
f 1830 1831 1842
f 1830 1842 1841
f 1831 1832 1843
f 1831 1843 1842
f 1832 1833 1844
f 1832 1844 1843
f 1833 1834 1845
f 1833 1845 1844
f 1835 1836 1847
f 1835 1847 1846
f 1836 1837 1848
f 1836 1848 1847
f 1837 1838 1849
f 1837 1849 1848
f 1838 1839 1850
f 1838 1850 1849
f 1839 1840 1851
f 1839 1851 1850
f 1840 1841 1852
f 1840 1852 1851
f 1841 1842 1853
f 1841 1853 1852
f 1842 1843 1854
f 1842 1854 1853
f 1843 1844 1855
f 1843 1855 1854
f 1844 1845 1856
f 1844 1856 1855
f 1846 1847 1858
f 1846 1858 1857
f 1847 1848 1859
f 1847 1859 1858
f 1848 1849 1860
f 1848 1860 1859
f 1849 1850 1861
f 1849 1861 1860
f 1850 1851 1862
f 1850 1862 1861
f 1851 1852 1863
f 1851 1863 1862
f 1852 1853 1864
f 1852 1864 1863
f 1853 1854 1865
f 1853 1865 1864
f 1854 1855 1866
f 1854 1866 1865
f 1855 1856 1867
f 1855 1867 1866
f 1857 1858 1869
f 1857 1869 1868
f 1858 1859 1870
f 1858 1870 1869
f 1859 1860 1871
f 1859 1871 1870
f 1860 1861 1872
f 1860 1872 1871
f 1861 1862 1873
f 1861 1873 1872
f 1862 1863 1874
f 1862 1874 1873
f 1863 1864 1875
f 1863 1875 1874
f 1864 1865 1876
f 1864 1876 1875
f 1865 1866 1877
f 1865 1877 1876
f 1866 1867 1878
f 1866 1878 1877
f 1868 1869 1880
f 1868 1880 1879
f 1869 1870 1881
f 1869 1881 1880
f 1870 1871 1882
f 1870 1882 1881
f 1871 1872 1883
f 1871 1883 1882
f 1872 1873 1884
f 1872 1884 1883
f 1873 1874 1885
f 1873 1885 1884
f 1874 1875 1886
f 1874 1886 1885
f 1875 1876 1887
f 1875 1887 1886
f 1876 1877 1888
f 1876 1888 1887
f 1877 1878 1889
f 1877 1889 1888
f 1879 1880 1891
f 1879 1891 1890
f 1880 1881 1892
f 1880 1892 1891
f 1881 1882 1893
f 1881 1893 1892
f 1882 1883 1894
f 1882 1894 1893
f 1883 1884 1895
f 1883 1895 1894
f 1884 1885 1896
f 1884 1896 1895
f 1885 1886 1897
f 1885 1897 1896
f 1886 1887 1898
f 1886 1898 1897
f 1887 1888 1899
f 1887 1899 1898
f 1888 1889 1900
f 1888 1900 1899
f 1890 1891 1902
f 1890 1902 1901
f 1891 1892 1903
f 1891 1903 1902
f 1892 1893 1904
f 1892 1904 1903
f 1893 1894 1905
f 1893 1905 1904
f 1894 1895 1906
f 1894 1906 1905
f 1895 1896 1907
f 1895 1907 1906
f 1896 1897 1908
f 1896 1908 1907
f 1897 1898 1909
f 1897 1909 1908
f 1898 1899 1910
f 1898 1910 1909
f 1899 1900 1911
f 1899 1911 1910
f 1901 1902 1913
f 1901 1913 1912
f 1902 1903 1914
f 1902 1914 1913
f 1903 1904 1915
f 1903 1915 1914
f 1904 1905 1916
f 1904 1916 1915
f 1905 1906 1917
f 1905 1917 1916
f 1906 1907 1918
f 1906 1918 1917
f 1907 1908 1919
f 1907 1919 1918
f 1908 1909 1920
f 1908 1920 1919
f 1909 1910 1921
f 1909 1921 1920
f 1910 1911 1922
f 1910 1922 1921
f 1912 1913 1924
f 1912 1924 1923
f 1913 1914 1925
f 1913 1925 1924
f 1914 1915 1926
f 1914 1926 1925
f 1915 1916 1927
f 1915 1927 1926
f 1916 1917 1928
f 1916 1928 1927
f 1917 1918 1929
f 1917 1929 1928
f 1918 1919 1930
f 1918 1930 1929
f 1919 1920 1931
f 1919 1931 1930
f 1920 1921 1932
f 1920 1932 1931
f 1921 1922 1933
f 1921 1933 1932
f 1923 1924 1935
f 1923 1935 1934
f 1924 1925 1936
f 1924 1936 1935
f 1925 1926 1937
f 1925 1937 1936
f 1926 1927 1938
f 1926 1938 1937
f 1927 1928 1939
f 1927 1939 1938
f 1928 1929 1940
f 1928 1940 1939
f 1929 1930 1941
f 1929 1941 1940
f 1930 1931 1942
f 1930 1942 1941
f 1931 1932 1943
f 1931 1943 1942
f 1932 1933 1944
f 1932 1944 1943
